0 0.4046875 0.8953804347826086 0.03125 0.10597826086956522
0 0.33984375 0.8722826086956522 0.0328125 0.125
0 0.19609375 0.8695652173913043 0.0421875 0.14130434782608695
0 0.265625 0.8695652173913043 0.04375 0.14673913043478262
0 0.5953125 0.7078804347826086 0.034375 0.10597826086956522
0 0.2828125 0.7092391304347826 0.034375 0.10869565217391304
0 0.53515625 0.6671195652173914 0.0328125 0.11684782608695653
0 0.41171875 0.6059782608695652 0.0359375 0.10326086956521739
0 0.3375 0.6467391304347826 0.05 0.22282608695652173
0 0.47109375 0.5394021739130435 0.0328125 0.11141304347826086
0 0.42890625 0.44157608695652173 0.0359375 0.10054347826086957
0 0.771875 0.39945652173913043 0.0375 0.09782608695652174
0 0.36171875 0.42391304347826086 0.0453125 0.1956521739130435
0 0.303125 0.45652173913043476 0.06875 0.32608695652173914
0 0.68125 0.33559782608695654 0.03125 0.09510869565217392
0 0.42109375 0.32065217391304346 0.0421875 0.10869565217391304
0 0.534375 0.29891304347826086 0.03125 0.09239130434782608
0 0.390625 0.2595108695652174 0.05 0.12771739130434784
0 0.5078125 0.17391304347826086 0.034375 0.08695652173913043
0 0.3546875 0.1766304347826087 0.071875 0.19021739130434784
0 0.39609375 0.04755434782608696 0.0328125 0.057065217391304345
0 0.4234375 0.09782608695652174 0.053125 0.1956521739130435