0 0.3296875 0.9456521739130435 0.040625 0.10869565217391304
0 0.49453125 0.8614130434782609 0.0359375 0.11413043478260869
0 0.35546875 0.7989130434782609 0.0421875 0.11956521739130435
0 0.27734375 0.8125 0.0734375 0.23369565217391305
0 0.54453125 0.7228260869565217 0.0328125 0.11956521739130435
0 0.4390625 0.6970108695652174 0.053125 0.12771739130434784
0 0.3140625 0.6453804347826086 0.05 0.11141304347826086
0 0.39375 0.529891304347826 0.04375 0.10326086956521739
0 0.3421875 0.5353260869565217 0.05 0.11956521739130435
0 0.48828125 0.4945652173913043 0.0390625 0.09782608695652174
0 0.54765625 0.42527173913043476 0.0328125 0.09510869565217392
0 0.378125 0.39809782608695654 0.0375 0.057065217391304345
0 0.765625 0.328804347826087 0.03125 0.08152173913043478
0 0.61171875 0.327445652173913 0.0328125 0.08967391304347826
0 0.72578125 0.21739130434782608 0.0359375 0.08695652173913043
0 0.4328125 0.31929347826086957 0.109375 0.2907608695652174
0 0.47734375 0.18206521739130435 0.0484375 0.1358695652173913
0 0.559375 0.13179347826086957 0.03125 0.07880434782608696
0 0.45859375 0.10869565217391304 0.0453125 0.08695652173913043
0 0.5 0.029891304347826088 0.04375 0.059782608695652176