0 0.2765625 0.8831521739130435 0.034375 0.09239130434782608
0 0.34140625 0.8654891304347826 0.0328125 0.10597826086956522
0 0.68671875 0.8546195652173914 0.0390625 0.11141304347826086
0 0.278125 0.7527173913043478 0.0375 0.11413043478260869
0 0.346875 0.7051630434782609 0.034375 0.11141304347826086
0 0.22265625 0.6195652173913043 0.0390625 0.11956521739130435
0 0.28515625 0.6182065217391305 0.0390625 0.12771739130434784
0 0.2421875 0.49728260869565216 0.034375 0.09239130434782608
0 0.41796875 0.391304347826087 0.0359375 0.08695652173913043
0 0.303125 0.36684782608695654 0.03125 0.09239130434782608
0 0.27265625 0.22826086956521738 0.0328125 0.07608695652173914
0 0.334375 0.30842391304347827 0.08125 0.3179347826086957
0 0.4640625 0.1671195652173913 0.04375 0.08967391304347826
0 0.340625 0.11005434782608696 0.04375 0.08967391304347826
0 0.3859375 0.17255434782608695 0.0625 0.2418478260869565
0 0.48515625 0.033967391304347824 0.0359375 0.06793478260869565
0 0.36484375 0.03804347826086957 0.0421875 0.07608695652173914