0 0.33359375 0.84375 0.0328125 0.10054347826086957
0 0.5359375 0.8532608695652174 0.034375 0.13043478260869565
0 0.2734375 0.8328804347826086 0.034375 0.11141304347826086
0 0.40625 0.7635869565217391 0.0375 0.11413043478260869
0 0.32734375 0.7214673913043478 0.0578125 0.12771739130434784
0 0.21875 0.6983695652173914 0.0375 0.08695652173913043
0 0.59140625 0.6209239130434783 0.0328125 0.10054347826086957
0 0.4703125 0.6277173913043478 0.034375 0.11413043478260869
0 0.35 0.5869565217391305 0.0375 0.10869565217391304
0 0.425 0.5815217391304348 0.034375 0.10869565217391304
0 0.36015625 0.4782608695652174 0.0359375 0.09782608695652174
0 0.41328125 0.4483695652173913 0.0390625 0.10869565217391304
0 0.76796875 0.38315217391304346 0.0390625 0.09782608695652174
0 0.38125 0.3695652173913043 0.040625 0.10869565217391304
0 0.690625 0.30842391304347827 0.03125 0.08967391304347826
0 0.5015625 0.3029891304347826 0.034375 0.08967391304347826
0 0.32265625 0.44429347826086957 0.1296875 0.5788043478260869
0 0.4953125 0.16847826086956522 0.0375 0.07608695652173914
0 0.39296875 0.11413043478260869 0.0390625 0.08152173913043478
0 0.515625 0.029891304347826088 0.03125 0.059782608695652176
0 0.4375 0.16168478260869565 0.115625 0.3233695652173913