0 0.3421875 0.873641304347826 0.034375 0.10054347826086957
0 0.41015625 0.8546195652173914 0.0328125 0.11684782608695653
0 0.27890625 0.748641304347826 0.0390625 0.11684782608695653
0 0.346875 0.717391304347826 0.0375 0.11413043478260869
0 0.8046875 0.6902173913043478 0.040625 0.10869565217391304
0 0.678125 0.6752717391304348 0.034375 0.10597826086956522
0 0.22265625 0.6182065217391305 0.0359375 0.11684782608695653
0 0.2875 0.6141304347826086 0.0375 0.13043478260869565
0 0.24296875 0.5027173913043478 0.0359375 0.09239130434782608
0 0.415625 0.44429347826086957 0.03125 0.08967391304347826
0 0.303125 0.3654891304347826 0.03125 0.08967391304347826
0 0.26171875 0.30570652173913043 0.0359375 0.08967391304347826
0 0.440625 0.2418478260869565 0.040625 0.09239130434782608
0 0.33515625 0.2798913043478261 0.0828125 0.3967391304347826
0 0.38671875 0.17527173913043478 0.0609375 0.23641304347826086
0 0.46796875 0.09510869565217392 0.0390625 0.08695652173913043
0 0.3609375 0.04619565217391304 0.040625 0.08152173913043478