0 0.27578125 0.7853260869565217 0.0390625 0.11413043478260869
0 0.34453125 0.7717391304347826 0.0359375 0.11956521739130435
0 0.21796875 0.6453804347826086 0.0359375 0.11684782608695653
0 0.28359375 0.6413043478260869 0.0390625 0.13043478260869565
0 0.23984375 0.5271739130434783 0.0390625 0.09782608695652174
0 0.78203125 0.4945652173913043 0.0390625 0.09782608695652174
0 0.671875 0.45652173913043476 0.03125 0.09239130434782608
0 0.2515625 0.39266304347826086 0.034375 0.08967391304347826
0 0.30234375 0.3845108695652174 0.0328125 0.08967391304347826
0 0.42578125 0.33967391304347827 0.0359375 0.09239130434782608
0 0.446875 0.20244565217391305 0.0375 0.08967391304347826
0 0.39609375 0.18478260869565216 0.0859375 0.28804347826086957
0 0.45546875 0.07336956521739131 0.0328125 0.08152173913043478
0 0.33359375 0.2798913043478261 0.0859375 0.5
0 0.44921875 0.057065217391304345 0.0359375 0.07608695652173914