0 0.265625 0.9211956521739131 0.040625 0.13043478260869565
0 0.3359375 0.9144021739130435 0.040625 0.1331521739130435
0 0.21015625 0.7554347826086957 0.0328125 0.13043478260869565
0 0.346875 0.7445652173913043 0.03125 0.11956521739130435
0 0.2734375 0.7527173913043478 0.040625 0.1358695652173913
0 0.28984375 0.6046195652173914 0.0328125 0.10054347826086957
0 0.340625 0.5394021739130435 0.05625 0.20923913043478262
0 0.4171875 0.4633152173913043 0.03125 0.07336956521739131
0 0.471875 0.46467391304347827 0.03125 0.10869565217391304
0 0.775 0.4266304347826087 0.0375 0.09239130434782608
0 0.434375 0.33016304347826086 0.0375 0.09510869565217392
0 0.365625 0.33695652173913043 0.04375 0.18478260869565216
0 0.43203125 0.20516304347826086 0.0421875 0.10054347826086957
0 0.40078125 0.17391304347826086 0.0578125 0.13043478260869565
0 0.33125 0.2758152173913043 0.10625 0.49184782608695654
0 0.41875 0.06385869565217392 0.0375 0.10597826086956522