0 0.40625 0.8043478260869565 0.03125 0.10869565217391304
0 0.34375 0.8057065217391305 0.03125 0.12228260869565218
0 0.203125 0.8097826086956522 0.0375 0.13043478260869565
0 0.26953125 0.8070652173913043 0.0421875 0.14130434782608695
0 0.60078125 0.7663043478260869 0.0328125 0.07608695652173914
0 0.28671875 0.654891304347826 0.0328125 0.10326086956521739
0 0.534375 0.5842391304347826 0.03125 0.11413043478260869
0 0.33828125 0.5883152173913043 0.0578125 0.21467391304347827
0 0.47265625 0.4986413043478261 0.0328125 0.11141304347826086
0 0.7703125 0.41304347826086957 0.034375 0.09782608695652174
0 0.67890625 0.35190217391304346 0.0328125 0.09510869565217392
0 0.3078125 0.41032608695652173 0.06875 0.31521739130434784
0 0.425 0.2608695652173913 0.04375 0.10869565217391304
0 0.34765625 0.15353260869565216 0.0546875 0.1875
0 0.403125 0.14945652173913043 0.065625 0.25