0 0.290625 0.9510869565217391 0.0375 0.09782608695652174
0 0.33203125 0.9307065217391305 0.0359375 0.11141304347826086
0 0.46875 0.9266304347826086 0.034375 0.14673913043478262
0 0.390625 0.8709239130434783 0.0375 0.07336956521739131
0 0.53671875 0.8641304347826086 0.0328125 0.11413043478260869
0 0.3953125 0.8057065217391305 0.0375 0.07880434782608696
0 0.3421875 0.8097826086956522 0.03125 0.11956521739130435
0 0.36171875 0.6711956521739131 0.0421875 0.125
0 0.28046875 0.7459239130434783 0.0828125 0.3342391304347826
0 0.38203125 0.5652173913043478 0.0515625 0.07608695652173914
0 0.32265625 0.5339673913043478 0.0484375 0.10597826086956522
0 0.465625 0.5244565217391305 0.034375 0.11413043478260869
0 0.35078125 0.43342391304347827 0.0484375 0.11141304347826086
0 0.40078125 0.41983695652173914 0.0421875 0.10054347826086957
0 0.6046875 0.40625 0.034375 0.08967391304347826
0 0.76328125 0.3383152173913043 0.0359375 0.09510869565217392
0 0.38203125 0.32472826086956524 0.0390625 0.08967391304347826
0 0.5515625 0.24864130434782608 0.03125 0.08967391304347826
0 0.71484375 0.24048913043478262 0.0359375 0.08967391304347826
0 0.43828125 0.266304347826087 0.1078125 0.1956521739130435
0 0.5203125 0.17798913043478262 0.034375 0.08423913043478261
0 0.42265625 0.12771739130434784 0.0453125 0.09239130434782608
0 0.48125 0.10461956521739131 0.05 0.12771739130434784