0 0.3453125 0.9551630434782609 0.040625 0.08967391304347826
0 0.2703125 0.9252717391304348 0.034375 0.10054347826086957
0 0.2890625 0.8980978260869565 0.034375 0.10054347826086957
0 0.5265625 0.8410326086956522 0.034375 0.12228260869565218
0 0.359375 0.7961956521739131 0.046875 0.11413043478260869
0 0.3078125 0.779891304347826 0.05 0.13043478260869565
0 0.38203125 0.6508152173913043 0.0421875 0.12228260869565218
0 0.33984375 0.6372282608695652 0.0453125 0.10597826086956522
0 0.4703125 0.6059782608695652 0.04375 0.09782608695652174
0 0.4046875 0.43478260869565216 0.128125 0.32065217391304346
0 0.41015625 0.28940217391304346 0.0453125 0.09510869565217392
0 0.4484375 0.19293478260869565 0.046875 0.09239130434782608
0 0.603125 0.16576086956521738 0.03125 0.07065217391304347
0 0.7140625 0.15489130434782608 0.034375 0.08152173913043478