0 0.27578125 0.8804347826086957 0.0328125 0.09239130434782608
0 0.34140625 0.8641304347826086 0.0328125 0.10869565217391304
0 0.278125 0.7527173913043478 0.0375 0.11413043478260869
0 0.41171875 0.7364130434782609 0.0328125 0.10326086956521739
0 0.346875 0.6983695652173914 0.034375 0.11413043478260869
0 0.22265625 0.6182065217391305 0.0390625 0.12228260869565218
0 0.2859375 0.6182065217391305 0.040625 0.12771739130434784
0 0.4203125 0.37092391304347827 0.034375 0.08967391304347826
0 0.303125 0.36684782608695654 0.03125 0.09239130434782608
0 0.27734375 0.1956521739130435 0.0359375 0.08695652173913043
0 0.334375 0.3070652173913043 0.08125 0.32065217391304346
0 0.34375 0.10461956521739131 0.04375 0.08967391304347826
0 0.38515625 0.17527173913043478 0.0609375 0.23641304347826086
0 0.3671875 0.035326086956521736 0.040625 0.07065217391304347