0 0.28671875 0.9510869565217391 0.0453125 0.09782608695652174
0 0.353125 0.84375 0.0375 0.1331521739130435
0 0.31328125 0.8097826086956522 0.0421875 0.11413043478260869
0 0.51171875 0.7445652173913043 0.0328125 0.10326086956521739
0 0.3875 0.6997282608695652 0.078125 0.1331521739130435
0 0.34140625 0.6222826086956522 0.0640625 0.20652173913043478
0 0.4 0.5163043478260869 0.06875 0.20652173913043478
0 0.36875 0.4279891304347826 0.046875 0.10597826086956522
0 0.403125 0.32472826086956524 0.04375 0.09510869565217392
0 0.46640625 0.18614130434782608 0.0734375 0.1331521739130435
0 0.6875 0.09646739130434782 0.03125 0.07880434782608696
0 0.584375 0.029891304347826088 0.03125 0.059782608695652176