0 0.2796875 0.748641304347826 0.0375 0.11684782608695653
0 0.346875 0.7255434782608695 0.034375 0.11413043478260869
0 0.2234375 0.6154891304347826 0.0375 0.12228260869565218
0 0.2875 0.6141304347826086 0.0375 0.13043478260869565
0 0.7921875 0.5815217391304348 0.0375 0.10326086956521739
0 0.67421875 0.5529891304347826 0.0328125 0.10054347826086957
0 0.3046875 0.36277173913043476 0.03125 0.08967391304347826
0 0.2578125 0.3423913043478261 0.034375 0.08695652173913043
0 0.4328125 0.28532608695652173 0.040625 0.09239130434782608
0 0.45625 0.13994565217391305 0.0375 0.08423913043478261
0 0.3859375 0.17798913043478262 0.059375 0.2418478260869565
0 0.33671875 0.2513586956521739 0.0859375 0.48097826086956524