0 0.26328125 0.9538043478260869 0.0359375 0.09239130434782608
0 0.3984375 0.9456521739130435 0.034375 0.10869565217391304
0 0.3203125 0.8573369565217391 0.0625 0.1331521739130435
0 0.42265625 0.7404891304347826 0.0328125 0.11141304347826086
0 0.34296875 0.717391304347826 0.0390625 0.11413043478260869
0 0.353125 0.5991847826086957 0.034375 0.10597826086956522
0 0.5359375 0.5869565217391305 0.03125 0.10326086956521739
0 0.59453125 0.53125 0.0328125 0.10054347826086957
0 0.2875 0.654891304347826 0.075 0.4076086956521739
0 0.4953125 0.452445652173913 0.034375 0.06793478260869565
0 0.375 0.47554347826086957 0.040625 0.11413043478260869
0 0.33359375 0.37907608695652173 0.0453125 0.10054347826086957
0 0.39765625 0.3736413043478261 0.0515625 0.10054347826086957
0 0.765625 0.3641304347826087 0.0375 0.09782608695652174
0 0.484375 0.2907608695652174 0.04375 0.10326086956521739
0 0.359375 0.28940217391304346 0.04375 0.10597826086956522
0 0.69921875 0.2798913043478261 0.0328125 0.09239130434782608
0 0.4078125 0.27445652173913043 0.040625 0.09239130434782608
0 0.3890625 0.19157608695652173 0.040625 0.08423913043478261
0 0.50859375 0.13451086956521738 0.0359375 0.08423913043478261
0 0.446875 0.13722826086956522 0.103125 0.1875