0 0.346875 0.8926630434782609 0.04375 0.10054347826086957
0 0.271875 0.8994565217391305 0.046875 0.20108695652173914
0 0.54453125 0.8233695652173914 0.0328125 0.11956521739130435
0 0.28984375 0.7907608695652174 0.0390625 0.07065217391304347
0 0.3578125 0.7758152173913043 0.034375 0.057065217391304345
0 0.43359375 0.7975543478260869 0.0421875 0.12771739130434784
0 0.37265625 0.7336956521739131 0.0421875 0.09239130434782608
0 0.3890625 0.5896739130434783 0.04375 0.10869565217391304
0 0.33828125 0.5896739130434783 0.0484375 0.11956521739130435
0 0.37265625 0.4673913043478261 0.0421875 0.09239130434782608
0 0.409375 0.46467391304347827 0.03125 0.11413043478260869
0 0.5078125 0.38179347826086957 0.040625 0.10054347826086957
0 0.7640625 0.30978260869565216 0.034375 0.08695652173913043
0 0.6171875 0.29483695652173914 0.034375 0.07336956521739131
0 0.4296875 0.32608695652173914 0.109375 0.21195652173913043
0 0.73125 0.20108695652173914 0.034375 0.08695652173913043
0 0.475 0.22146739130434784 0.05 0.14402173913043478
0 0.45390625 0.15081521739130435 0.0453125 0.08967391304347826