0 0.31640625 0.9307065217391305 0.0640625 0.13858695652173914
0 0.2 0.9008152173913043 0.04375 0.11141304347826086
0 0.421875 0.8328804347826086 0.034375 0.11684782608695653
0 0.46796875 0.7921195652173914 0.0359375 0.12771739130434784
0 0.33984375 0.7853260869565217 0.0359375 0.11413043478260869
0 0.28203125 0.7948369565217391 0.0765625 0.26902173913043476
0 0.346875 0.6684782608695652 0.0375 0.10869565217391304
0 0.403125 0.654891304347826 0.0375 0.11956521739130435
0 0.37109375 0.5339673913043478 0.0421875 0.11684782608695653
0 0.29609375 0.5801630434782609 0.0671875 0.22554347826086957
0 0.596875 0.48777173913043476 0.03125 0.09510869565217392
0 0.40234375 0.41983695652173914 0.0359375 0.08967391304347826
0 0.3296875 0.4266304347826087 0.046875 0.10326086956521739
0 0.4765625 0.36277173913043476 0.046875 0.10597826086956522
0 0.35703125 0.3328804347826087 0.0453125 0.10597826086956522
0 0.40625 0.3179347826086957 0.040625 0.09239130434782608
0 0.7046875 0.26766304347826086 0.034375 0.09510869565217392
0 0.3890625 0.2418478260869565 0.0375 0.07608695652173914
0 0.50546875 0.19293478260869565 0.0359375 0.08152173913043478
0 0.44921875 0.1358695652173913 0.1171875 0.2717391304347826