0 0.34140625 0.8709239130434783 0.0328125 0.10054347826086957
0 0.41015625 0.8165760869565217 0.0328125 0.11141304347826086
0 0.809375 0.7459239130434783 0.040625 0.11141304347826086
0 0.27890625 0.748641304347826 0.0390625 0.11684782608695653
0 0.68125 0.7350543478260869 0.0375 0.11141304347826086
0 0.3484375 0.7146739130434783 0.034375 0.11413043478260869
0 0.2234375 0.6182065217391305 0.0375 0.11684782608695653
0 0.28671875 0.6168478260869565 0.0390625 0.13043478260869565
0 0.2421875 0.5027173913043478 0.034375 0.09239130434782608
0 0.41640625 0.42527173913043476 0.0328125 0.09510869565217392
0 0.303125 0.36684782608695654 0.03125 0.09239130434782608
0 0.265625 0.28125 0.03125 0.08967391304347826
0 0.446875 0.21739130434782608 0.040625 0.09239130434782608
0 0.33515625 0.2758152173913043 0.0828125 0.39402173913043476
0 0.3859375 0.17527173913043478 0.059375 0.23641304347826086
0 0.47421875 0.07065217391304347 0.0390625 0.08695652173913043
0 0.3625 0.04076086956521739 0.040625 0.08152173913043478