0 0.525 0.9429347826086957 0.0375 0.11413043478260869
0 0.43984375 0.9429347826086957 0.0453125 0.11413043478260869
0 0.34375 0.876358695652174 0.03125 0.09510869565217392
0 0.3578125 0.8586956521739131 0.03125 0.10869565217391304
0 0.2984375 0.8464673913043478 0.05 0.1331521739130435
0 0.4578125 0.6997282608695652 0.040625 0.11684782608695653
0 0.32890625 0.6956521739130435 0.0421875 0.10869565217391304
0 0.51875 0.5434782608695652 0.03125 0.09782608695652174
0 0.3890625 0.48233695652173914 0.121875 0.3342391304347826
0 0.39453125 0.3383152173913043 0.0484375 0.10054347826086957
0 0.72265625 0.24456521739130435 0.0328125 0.08695652173913043
0 0.43125 0.23641304347826086 0.04375 0.09239130434782608
0 0.021875 0.13043478260869565 0.04375 0.05434782608695652
0 0.70390625 0.13451086956521738 0.0328125 0.08423913043478261
0 0.5078125 0.07744565217391304 0.090625 0.14945652173913043