0 0.34375 0.9293478260869565 0.046875 0.11956521739130435
0 0.290625 0.9089673913043478 0.05 0.13858695652173914
0 0.440625 0.8043478260869565 0.03125 0.08152173913043478
0 0.3203125 0.7540760869565217 0.04375 0.11141304347826086
0 0.51328125 0.6372282608695652 0.0328125 0.09510869565217392
0 0.38125 0.529891304347826 0.125 0.3423913043478261
0 0.38046875 0.3845108695652174 0.0484375 0.10054347826086957
0 0.41640625 0.2798913043478261 0.0453125 0.09782608695652174
0 0.696875 0.11548913043478261 0.03125 0.08423913043478261
0 0.48984375 0.1331521739130435 0.0921875 0.14673913043478262
0 0.590625 0.06929347826086957 0.03125 0.07336956521739131