0 0.5375 0.9510869565217391 0.03125 0.09782608695652174
0 0.3890625 0.9320652173913043 0.040625 0.1358695652173913
0 0.2546875 0.9211956521739131 0.040625 0.125
0 0.33515625 0.8722826086956522 0.0390625 0.10326086956521739
0 0.2828125 0.748641304347826 0.071875 0.22554347826086957
0 0.54453125 0.626358695652174 0.0328125 0.11141304347826086
0 0.378125 0.6100543478260869 0.05 0.11141304347826086
0 0.3078125 0.595108695652174 0.03125 0.09239130434782608
0 0.45 0.6073369565217391 0.053125 0.12228260869565218
0 0.34609375 0.483695652173913 0.0484375 0.11413043478260869
0 0.39765625 0.47554347826086957 0.0421875 0.10326086956521739
0 0.49296875 0.41304347826086957 0.0390625 0.09782608695652174
0 0.3734375 0.37907608695652173 0.03125 0.07336956521739131
0 0.76328125 0.33016304347826086 0.0359375 0.09510869565217392
0 0.7203125 0.2269021739130435 0.034375 0.08967391304347826
0 0.4359375 0.2907608695652174 0.109375 0.25
0 0.47734375 0.13858695652173914 0.0453125 0.125
0 0.5625 0.06114130434782609 0.03125 0.0625
0 0.46640625 0.06929347826086957 0.0359375 0.07880434782608696