0 0.2765625 0.7595108695652174 0.0375 0.11684782608695653
0 0.34609375 0.7432065217391305 0.0359375 0.11684782608695653
0 0.221875 0.6277173913043478 0.0375 0.11956521739130435
0 0.28515625 0.623641304347826 0.0390625 0.12771739130434784
0 0.7875 0.532608695652174 0.0375 0.09782608695652174
0 0.2421875 0.5095108695652174 0.034375 0.09510869565217392
0 0.67265625 0.5 0.0328125 0.09782608695652174
0 0.303125 0.37092391304347827 0.03125 0.08967391304347826
0 0.2546875 0.36820652173913043 0.034375 0.08423913043478261
0 0.42890625 0.30842391304347827 0.0390625 0.09510869565217392
0 0.45234375 0.16983695652173914 0.0359375 0.08423913043478261
0 0.33515625 0.26358695652173914 0.0859375 0.4891304347826087
0 0.3953125 0.15489130434782608 0.084375 0.30434782608695654
0 0.4578125 0.03940217391304348 0.040625 0.07880434782608696