0 0.26015625 0.9320652173913043 0.0453125 0.1358695652173913
0 0.19375 0.90625 0.0375 0.08967391304347826
0 0.20859375 0.7907608695652174 0.0328125 0.11413043478260869
0 0.3375 0.7758152173913043 0.03125 0.10054347826086957
0 0.278125 0.7703804347826086 0.034375 0.11141304347826086
0 0.4078125 0.6875 0.034375 0.09782608695652174
0 0.59296875 0.6657608695652174 0.0328125 0.10326086956521739
0 0.33203125 0.65625 0.0578125 0.12771739130434784
0 0.47109375 0.5842391304347826 0.0328125 0.11413043478260869
0 0.4265625 0.5108695652173914 0.034375 0.10326086956521739
0 0.7703125 0.391304347826087 0.0375 0.09782608695652174
0 0.4171875 0.38315217391304346 0.040625 0.10869565217391304
0 0.3 0.49728260869565216 0.06875 0.3532608695652174
0 0.68515625 0.3383152173913043 0.0328125 0.0625
0 0.6875 0.31521739130434784 0.03125 0.07608695652173914
0 0.38359375 0.3233695652173913 0.0390625 0.10326086956521739
0 0.34765625 0.2269021739130435 0.0828125 0.22010869565217392
0 0.409375 0.1875 0.05625 0.1793478260869565
0 0.3953125 0.07744565217391304 0.040625 0.07880434782608696